/*--------------------------------*- C++ -*----------------------------------*\
| =========                 |                                                 |
| \\      /  F ield         | OpenFOAM: The Open Source CFD Toolbox           |
|  \\    /   O peration     | Version:  v2012                                 |
|   \\  /    A nd           | Website:  www.openfoam.com                      |
|    \\/     M anipulation  |                                                 |
\*---------------------------------------------------------------------------*/
FoamFile
{
    version     2.0;
    format      ascii;
    class       volScalarField;
    location    "0";
    object      theta;
}
// * * * * * * * * * * * * * * * * * * * * * * * * * * * * * * * * * * * * * //

dimensions      [0 0 0 1 0 0 0];


internalField   nonuniform List<scalar> 
800
(
300
300
300
300
300
300
300
300
300
300
300
300
300
300
300
300
300
300
300
300
300.25
300.232
300.18
300.096
300
300
300
300
300
300
300
300
300
300
300
300
300
300
300
300
300.5
300.479
300.419
300.323
300.197
300.047
300
300
300
300
300
300
300
300
300
300
300
300
300
300
300.75
300.725
300.654
300.542
300.399
300.232
300.047
300
300
300
300
300
300
300
300
300
300
300
300
300
301
300.969
300.882
300.75
300.586
300.399
300.197
300
300
300
300
300
300
300
300
300
300
300
300
300
301.25
301.209
301.099
300.939
300.75
300.542
300.323
300.096
300
300
300
300
300
300
300
300
300
300
300
300
301.5
301.441
301.293
301.099
300.882
300.654
300.419
300.18
300
300
300
300
300
300
300
300
300
300
300
300
301.75
301.646
301.441
301.209
300.969
300.725
300.479
300.232
300
300
300
300
300
300
300
300
300
300
300
300
302
301.75
301.5
301.25
301
300.75
300.5
300.25
300
300
300
300
300
300
300
300
300
300
300
300
301.75
301.646
301.441
301.209
300.969
300.725
300.479
300.232
300
300
300
300
300
300
300
300
300
300
300
300
301.5
301.441
301.293
301.099
300.882
300.654
300.419
300.18
300
300
300
300
300
300
300
300
300
300
300
300
301.25
301.209
301.099
300.939
300.75
300.542
300.323
300.096
300
300
300
300
300
300
300
300
300
300
300
300
301
300.969
300.882
300.75
300.586
300.399
300.197
300
300
300
300
300
300
300
300
300
300
300
300
300
300.75
300.725
300.654
300.542
300.399
300.232
300.047
300
300
300
300
300
300
300
300
300
300
300
300
300
300.5
300.479
300.419
300.323
300.197
300.047
300
300
300
300
300
300
300
300
300
300
300
300
300
300
300.25
300.232
300.18
300.096
300
300
300
300
300
300
300
300
300
300
300
300
300
300
300
300
300
300
300
300
300
300
300
300
300
300
300
300
300
300
300
300
300
300
300
300
300
300
300
300
300
300
300
300
300
300
300
300
300
300
300
300
300
300
300
300
300
300
300
300
300
300
300
300
300
300
300
300
300
300
300
300
300
300
300
300
300
300
300
300
300
300
300
300
300
300
300
300
300
300
300
300
300
300
300
300
300
300
300
300
300
300
300
300
300
300
300
300
300
300
300
300
300
300
300
300
300
300
300
300
300
300
300
300
300
300
300
300
300
300
300
300
300
300
300
300
300
300
300
300
300
300
300
300
300
300
300
300
300
300
300
300
300
300
300
300
300
300
300
300
300
300
300
300
300
300
300
300
300
300
300
300
300
300
300
300
300
300
300
300
300
300
300
300
300
300
300
300
300
300
300
300
300
300
300
300
300
300
300
300
300
300
300
300
300
300
300
300
300
300
300
300
300
300
300
300
300
300
300
300
300
300
300
300
300
300
300
300
300
300
300
300
300
300
300
300
300
300
300
300
300
300
300
300
300
300
300
300
300
300
300
300
300
300
300
300
300
300
300
300
300
300
300
300
300
300
300
300
300
300
300
300
300
300
300
300
300
300
300
300
300
300
300
300
300
300
300
300
300
300
300
300
300
300
300
300
300
300
300
300
300
300
300
300
300
300
300
300
300
300
300
300
300
300
300
300
300
300
300
300
300
300
300
300
300
300
300
300
300
300
300
300
300
300
300
300
300
300
300
300
300
300
300
300
300
300
300
300
300
300
300
300
300
300
300
300
300
300
300
300
300
300
300
300
300
300
300
300
300
300
300
300
300
300
300
300
300
300
300
300
300
300
300
300
300
300
300
300
300
300
300
300
300
300
300
300
300
300
300
300
300
300
300
300
300
300
300
300
300
300
300
300
300
300
300
300
300
300
300
300
300
300
300
300
300
300
300
300
300
300
300
300
300
300
300
300
300
300
300
300
300
300
300
300
300
300
300
300
300
300
300
300
300
300
300
300
300
300
300
300
300
300
300
300
300
300
300
300
300
300
300
300
300
300
300
300
300
300
300
300
300
300
300
300
300
300
300
300
300
300
300
300
300
300
300
300
)
;

boundaryField
{
    top
    {
        type            zeroGradient;
    }
    bottom
    {
        type            zeroGradient;
    }
    left
    {
        type            zeroGradient;
    }
    right
    {
        type            zeroGradient;
    }
    frontandback
    {
        type            empty;
    }
}


// ************************************************************************* //
