/*--------------------------------*- C++ -*----------------------------------*\
| =========                 |                                                 |
| \\      /  F ield         | OpenFOAM: The Open Source CFD Toolbox           |
|  \\    /   O peration     | Version:  v2012                                 |
|   \\  /    A nd           | Website:  www.openfoam.com                      |
|    \\/     M anipulation  |                                                 |
\*---------------------------------------------------------------------------*/
FoamFile
{
    version     2.0;
    format      ascii;
    class       volScalarField;
    location    "0";
    object      T;
}
// * * * * * * * * * * * * * * * * * * * * * * * * * * * * * * * * * * * * * //

dimensions      [0 0 0 1 0 0 0];


internalField   nonuniform List<scalar> 
3200
(
300
300
300
300
300
300
300
300
300
300
300
300
300
300
300
300
300
300
300
300
300
300
300
300
300
300
300
300
300
300
300
300
300
300
300
300
300
300
300
300
298.899
298.895
298.882
298.862
298.833
298.797
298.774
298.774
298.774
298.774
298.774
298.774
298.774
298.774
298.774
298.774
298.774
298.774
298.774
298.774
298.774
298.774
298.774
298.774
298.774
298.774
298.774
298.774
298.774
298.774
298.774
298.774
298.774
298.774
298.774
298.774
298.774
298.774
298.774
298.774
297.798
297.793
297.78
297.758
297.727
297.689
297.644
297.591
297.548
297.548
297.548
297.548
297.548
297.548
297.548
297.548
297.548
297.548
297.548
297.548
297.548
297.548
297.548
297.548
297.548
297.548
297.548
297.548
297.548
297.548
297.548
297.548
297.548
297.548
297.548
297.548
297.548
297.548
297.548
297.548
296.696
296.691
296.677
296.654
296.621
296.58
296.532
296.476
296.413
296.345
296.321
296.321
296.321
296.321
296.321
296.321
296.321
296.321
296.321
296.321
296.321
296.321
296.321
296.321
296.321
296.321
296.321
296.321
296.321
296.321
296.321
296.321
296.321
296.321
296.321
296.321
296.321
296.321
296.321
296.321
295.595
295.59
295.574
295.549
295.514
295.47
295.418
295.358
295.292
295.22
295.142
295.095
295.095
295.095
295.095
295.095
295.095
295.095
295.095
295.095
295.095
295.095
295.095
295.095
295.095
295.095
295.095
295.095
295.095
295.095
295.095
295.095
295.095
295.095
295.095
295.095
295.095
295.095
295.095
295.095
294.494
294.488
294.471
294.444
294.406
294.358
294.303
294.239
294.169
294.092
294.01
293.924
293.869
293.869
293.869
293.869
293.869
293.869
293.869
293.869
293.869
293.869
293.869
293.869
293.869
293.869
293.869
293.869
293.869
293.869
293.869
293.869
293.869
293.869
293.869
293.869
293.869
293.869
293.869
293.869
293.392
293.386
293.368
293.337
293.296
293.245
293.185
293.117
293.042
292.961
292.875
292.784
292.69
292.642
292.642
292.642
292.642
292.642
292.642
292.642
292.642
292.642
292.642
292.642
292.642
292.642
292.642
292.642
292.642
292.642
292.642
292.642
292.642
292.642
292.642
292.642
292.642
292.642
292.642
292.642
292.291
292.284
292.264
292.23
292.185
292.129
292.064
291.991
291.911
291.825
291.735
291.64
291.541
291.44
291.416
291.416
291.416
291.416
291.416
291.416
291.416
291.416
291.416
291.416
291.416
291.416
291.416
291.416
291.416
291.416
291.416
291.416
291.416
291.416
291.416
291.416
291.416
291.416
291.416
291.416
291.19
291.182
291.159
291.122
291.072
291.011
290.94
290.861
290.776
290.685
290.589
290.49
290.387
290.282
290.19
290.19
290.19
290.19
290.19
290.19
290.19
290.19
290.19
290.19
290.19
290.19
290.19
290.19
290.19
290.19
290.19
290.19
290.19
290.19
290.19
290.19
290.19
290.19
290.19
290.19
290.089
290.08
290.054
290.012
289.956
289.888
289.811
289.726
289.635
289.539
289.438
289.334
289.227
289.118
289.007
288.964
288.964
288.964
288.964
288.964
288.964
288.964
288.964
288.964
288.964
288.964
288.964
288.964
288.964
288.964
288.964
288.964
288.964
288.964
288.964
288.964
288.964
288.964
288.964
288.964
288.988
288.977
288.947
288.899
288.836
288.761
288.677
288.585
288.488
288.385
288.28
288.171
288.06
287.948
287.834
287.738
287.738
287.738
287.738
287.738
287.738
287.738
287.738
287.738
287.738
287.738
287.738
287.738
287.738
287.738
287.738
287.738
287.738
287.738
287.738
287.738
287.738
287.738
287.738
287.738
287.886
287.874
287.838
287.782
287.711
287.627
287.535
287.436
287.332
287.224
287.114
287.001
286.886
286.77
286.653
286.535
286.511
286.511
286.511
286.511
286.511
286.511
286.511
286.511
286.511
286.511
286.511
286.511
286.511
286.511
286.511
286.511
286.511
286.511
286.511
286.511
286.511
286.511
286.511
286.511
286.785
286.77
286.726
286.66
286.578
286.485
286.384
286.277
286.167
286.054
285.939
285.822
285.704
285.585
285.465
285.344
285.285
285.285
285.285
285.285
285.285
285.285
285.285
285.285
285.285
285.285
285.285
285.285
285.285
285.285
285.285
285.285
285.285
285.285
285.285
285.285
285.285
285.285
285.285
285.285
285.684
285.663
285.608
285.528
285.434
285.33
285.22
285.107
284.991
284.873
284.754
284.634
284.513
284.391
284.269
284.147
284.059
284.059
284.059
284.059
284.059
284.059
284.059
284.059
284.059
284.059
284.059
284.059
284.059
284.059
284.059
284.059
284.059
284.059
284.059
284.059
284.059
284.059
284.059
284.059
284.582
284.553
284.479
284.382
284.273
284.159
284.042
283.922
283.802
283.68
283.558
283.435
283.312
283.188
283.065
282.941
282.832
282.832
282.832
282.832
282.832
282.832
282.832
282.832
282.832
282.832
282.832
282.832
282.832
282.832
282.832
282.832
282.832
282.832
282.832
282.832
282.832
282.832
282.832
282.832
283.481
283.429
283.327
283.211
283.091
282.969
282.846
282.722
282.598
282.474
282.35
282.226
282.101
281.976
281.852
281.727
281.606
281.606
281.606
281.606
281.606
281.606
281.606
281.606
281.606
281.606
281.606
281.606
281.606
281.606
281.606
281.606
281.606
281.606
281.606
281.606
281.606
281.606
281.606
281.606
282.38
282.255
282.13
282.005
281.88
281.755
281.63
281.505
281.38
281.255
281.13
281.005
280.88
280.755
280.63
280.505
280.38
280.38
280.38
280.38
280.38
280.38
280.38
280.38
280.38
280.38
280.38
280.38
280.38
280.38
280.38
280.38
280.38
280.38
280.38
280.38
280.38
280.38
280.38
280.38
281.029
280.977
280.874
280.758
280.638
280.516
280.393
280.27
280.146
280.022
279.898
279.773
279.649
279.524
279.399
279.275
279.154
279.154
279.154
279.154
279.154
279.154
279.154
279.154
279.154
279.154
279.154
279.154
279.154
279.154
279.154
279.154
279.154
279.154
279.154
279.154
279.154
279.154
279.154
279.154
279.678
279.648
279.574
279.477
279.368
279.254
279.137
279.017
278.897
278.775
278.653
278.53
278.407
278.283
278.16
278.036
277.928
277.928
277.928
277.928
277.928
277.928
277.928
277.928
277.928
277.928
277.928
277.928
277.928
277.928
277.928
277.928
277.928
277.928
277.928
277.928
277.928
277.928
277.928
277.928
278.326
278.306
278.251
278.171
278.076
277.972
277.863
277.749
277.633
277.515
277.396
277.276
277.155
277.034
276.912
276.789
276.701
276.701
276.701
276.701
276.701
276.701
276.701
276.701
276.701
276.701
276.701
276.701
276.701
276.701
276.701
276.701
276.701
276.701
276.701
276.701
276.701
276.701
276.701
276.701
276.975
276.96
276.916
276.85
276.768
276.675
276.574
276.467
276.357
276.244
276.129
276.012
275.894
275.775
275.655
275.534
275.475
275.475
275.475
275.475
275.475
275.475
275.475
275.475
275.475
275.475
275.475
275.475
275.475
275.475
275.475
275.475
275.475
275.475
275.475
275.475
275.475
275.475
275.475
275.475
275.624
275.611
275.576
275.52
275.448
275.365
275.272
275.173
275.07
274.962
274.851
274.738
274.624
274.508
274.39
274.272
274.249
274.249
274.249
274.249
274.249
274.249
274.249
274.249
274.249
274.249
274.249
274.249
274.249
274.249
274.249
274.249
274.249
274.249
274.249
274.249
274.249
274.249
274.249
274.249
274.272
274.262
274.232
274.184
274.121
274.046
273.962
273.87
273.772
273.67
273.565
273.456
273.345
273.233
273.119
273.022
273.022
273.022
273.022
273.022
273.022
273.022
273.022
273.022
273.022
273.022
273.022
273.022
273.022
273.022
273.022
273.022
273.022
273.022
273.022
273.022
273.022
273.022
273.022
273.022
272.921
272.912
272.886
272.844
272.788
272.721
272.644
272.559
272.467
272.371
272.27
272.166
272.06
271.951
271.84
271.796
271.796
271.796
271.796
271.796
271.796
271.796
271.796
271.796
271.796
271.796
271.796
271.796
271.796
271.796
271.796
271.796
271.796
271.796
271.796
271.796
271.796
271.796
271.796
271.796
271.57
271.562
271.539
271.502
271.452
271.391
271.32
271.241
271.156
271.065
270.969
270.87
270.767
270.662
270.57
270.57
270.57
270.57
270.57
270.57
270.57
270.57
270.57
270.57
270.57
270.57
270.57
270.57
270.57
270.57
270.57
270.57
270.57
270.57
270.57
270.57
270.57
270.57
270.57
270.57
270.219
270.212
270.191
270.158
270.113
270.057
269.992
269.919
269.839
269.753
269.662
269.567
269.469
269.367
269.344
269.344
269.344
269.344
269.344
269.344
269.344
269.344
269.344
269.344
269.344
269.344
269.344
269.344
269.344
269.344
269.344
269.344
269.344
269.344
269.344
269.344
269.344
269.344
269.344
269.344
268.868
268.861
268.843
268.812
268.771
268.72
268.66
268.592
268.517
268.436
268.35
268.259
268.165
268.118
268.118
268.118
268.118
268.118
268.118
268.118
268.118
268.118
268.118
268.118
268.118
268.118
268.118
268.118
268.118
268.118
268.118
268.118
268.118
268.118
268.118
268.118
268.118
268.118
268.118
268.118
267.516
267.511
267.494
267.466
267.428
267.381
267.325
267.261
267.191
267.115
267.033
266.947
266.891
266.891
266.891
266.891
266.891
266.891
266.891
266.891
266.891
266.891
266.891
266.891
266.891
266.891
266.891
266.891
266.891
266.891
266.891
266.891
266.891
266.891
266.891
266.891
266.891
266.891
266.891
266.891
266.165
266.16
266.144
266.119
266.084
266.04
265.988
265.928
265.862
265.79
265.712
265.665
265.665
265.665
265.665
265.665
265.665
265.665
265.665
265.665
265.665
265.665
265.665
265.665
265.665
265.665
265.665
265.665
265.665
265.665
265.665
265.665
265.665
265.665
265.665
265.665
265.665
265.665
265.665
265.665
264.814
264.809
264.795
264.771
264.739
264.698
264.649
264.593
264.531
264.462
264.439
264.439
264.439
264.439
264.439
264.439
264.439
264.439
264.439
264.439
264.439
264.439
264.439
264.439
264.439
264.439
264.439
264.439
264.439
264.439
264.439
264.439
264.439
264.439
264.439
264.439
264.439
264.439
264.439
264.439
263.462
263.458
263.445
263.423
263.392
263.354
263.309
263.256
263.212
263.212
263.212
263.212
263.212
263.212
263.212
263.212
263.212
263.212
263.212
263.212
263.212
263.212
263.212
263.212
263.212
263.212
263.212
263.212
263.212
263.212
263.212
263.212
263.212
263.212
263.212
263.212
263.212
263.212
263.212
263.212
262.111
262.107
262.095
262.074
262.046
262.01
261.986
261.986
261.986
261.986
261.986
261.986
261.986
261.986
261.986
261.986
261.986
261.986
261.986
261.986
261.986
261.986
261.986
261.986
261.986
261.986
261.986
261.986
261.986
261.986
261.986
261.986
261.986
261.986
261.986
261.986
261.986
261.986
261.986
261.986
260.76
260.76
260.76
260.76
260.76
260.76
260.76
260.76
260.76
260.76
260.76
260.76
260.76
260.76
260.76
260.76
260.76
260.76
260.76
260.76
260.76
260.76
260.76
260.76
260.76
260.76
260.76
260.76
260.76
260.76
260.76
260.76
260.76
260.76
260.76
260.76
260.76
260.76
260.76
260.76
259.534
259.534
259.534
259.534
259.534
259.534
259.534
259.534
259.534
259.534
259.534
259.534
259.534
259.534
259.534
259.534
259.534
259.534
259.534
259.534
259.534
259.534
259.534
259.534
259.534
259.534
259.534
259.534
259.534
259.534
259.534
259.534
259.534
259.534
259.534
259.534
259.534
259.534
259.534
259.534
258.308
258.308
258.308
258.308
258.308
258.308
258.308
258.308
258.308
258.308
258.308
258.308
258.308
258.308
258.308
258.308
258.308
258.308
258.308
258.308
258.308
258.308
258.308
258.308
258.308
258.308
258.308
258.308
258.308
258.308
258.308
258.308
258.308
258.308
258.308
258.308
258.308
258.308
258.308
258.308
257.081
257.081
257.081
257.081
257.081
257.081
257.081
257.081
257.081
257.081
257.081
257.081
257.081
257.081
257.081
257.081
257.081
257.081
257.081
257.081
257.081
257.081
257.081
257.081
257.081
257.081
257.081
257.081
257.081
257.081
257.081
257.081
257.081
257.081
257.081
257.081
257.081
257.081
257.081
257.081
255.855
255.855
255.855
255.855
255.855
255.855
255.855
255.855
255.855
255.855
255.855
255.855
255.855
255.855
255.855
255.855
255.855
255.855
255.855
255.855
255.855
255.855
255.855
255.855
255.855
255.855
255.855
255.855
255.855
255.855
255.855
255.855
255.855
255.855
255.855
255.855
255.855
255.855
255.855
255.855
254.629
254.629
254.629
254.629
254.629
254.629
254.629
254.629
254.629
254.629
254.629
254.629
254.629
254.629
254.629
254.629
254.629
254.629
254.629
254.629
254.629
254.629
254.629
254.629
254.629
254.629
254.629
254.629
254.629
254.629
254.629
254.629
254.629
254.629
254.629
254.629
254.629
254.629
254.629
254.629
253.403
253.403
253.403
253.403
253.403
253.403
253.403
253.403
253.403
253.403
253.403
253.403
253.403
253.403
253.403
253.403
253.403
253.403
253.403
253.403
253.403
253.403
253.403
253.403
253.403
253.403
253.403
253.403
253.403
253.403
253.403
253.403
253.403
253.403
253.403
253.403
253.403
253.403
253.403
253.403
252.176
252.176
252.176
252.176
252.176
252.176
252.176
252.176
252.176
252.176
252.176
252.176
252.176
252.176
252.176
252.176
252.176
252.176
252.176
252.176
252.176
252.176
252.176
252.176
252.176
252.176
252.176
252.176
252.176
252.176
252.176
252.176
252.176
252.176
252.176
252.176
252.176
252.176
252.176
252.176
250.95
250.95
250.95
250.95
250.95
250.95
250.95
250.95
250.95
250.95
250.95
250.95
250.95
250.95
250.95
250.95
250.95
250.95
250.95
250.95
250.95
250.95
250.95
250.95
250.95
250.95
250.95
250.95
250.95
250.95
250.95
250.95
250.95
250.95
250.95
250.95
250.95
250.95
250.95
250.95
249.724
249.724
249.724
249.724
249.724
249.724
249.724
249.724
249.724
249.724
249.724
249.724
249.724
249.724
249.724
249.724
249.724
249.724
249.724
249.724
249.724
249.724
249.724
249.724
249.724
249.724
249.724
249.724
249.724
249.724
249.724
249.724
249.724
249.724
249.724
249.724
249.724
249.724
249.724
249.724
248.498
248.498
248.498
248.498
248.498
248.498
248.498
248.498
248.498
248.498
248.498
248.498
248.498
248.498
248.498
248.498
248.498
248.498
248.498
248.498
248.498
248.498
248.498
248.498
248.498
248.498
248.498
248.498
248.498
248.498
248.498
248.498
248.498
248.498
248.498
248.498
248.498
248.498
248.498
248.498
247.271
247.271
247.271
247.271
247.271
247.271
247.271
247.271
247.271
247.271
247.271
247.271
247.271
247.271
247.271
247.271
247.271
247.271
247.271
247.271
247.271
247.271
247.271
247.271
247.271
247.271
247.271
247.271
247.271
247.271
247.271
247.271
247.271
247.271
247.271
247.271
247.271
247.271
247.271
247.271
246.045
246.045
246.045
246.045
246.045
246.045
246.045
246.045
246.045
246.045
246.045
246.045
246.045
246.045
246.045
246.045
246.045
246.045
246.045
246.045
246.045
246.045
246.045
246.045
246.045
246.045
246.045
246.045
246.045
246.045
246.045
246.045
246.045
246.045
246.045
246.045
246.045
246.045
246.045
246.045
244.819
244.819
244.819
244.819
244.819
244.819
244.819
244.819
244.819
244.819
244.819
244.819
244.819
244.819
244.819
244.819
244.819
244.819
244.819
244.819
244.819
244.819
244.819
244.819
244.819
244.819
244.819
244.819
244.819
244.819
244.819
244.819
244.819
244.819
244.819
244.819
244.819
244.819
244.819
244.819
243.593
243.593
243.593
243.593
243.593
243.593
243.593
243.593
243.593
243.593
243.593
243.593
243.593
243.593
243.593
243.593
243.593
243.593
243.593
243.593
243.593
243.593
243.593
243.593
243.593
243.593
243.593
243.593
243.593
243.593
243.593
243.593
243.593
243.593
243.593
243.593
243.593
243.593
243.593
243.593
242.366
242.366
242.366
242.366
242.366
242.366
242.366
242.366
242.366
242.366
242.366
242.366
242.366
242.366
242.366
242.366
242.366
242.366
242.366
242.366
242.366
242.366
242.366
242.366
242.366
242.366
242.366
242.366
242.366
242.366
242.366
242.366
242.366
242.366
242.366
242.366
242.366
242.366
242.366
242.366
241.14
241.14
241.14
241.14
241.14
241.14
241.14
241.14
241.14
241.14
241.14
241.14
241.14
241.14
241.14
241.14
241.14
241.14
241.14
241.14
241.14
241.14
241.14
241.14
241.14
241.14
241.14
241.14
241.14
241.14
241.14
241.14
241.14
241.14
241.14
241.14
241.14
241.14
241.14
241.14
239.914
239.914
239.914
239.914
239.914
239.914
239.914
239.914
239.914
239.914
239.914
239.914
239.914
239.914
239.914
239.914
239.914
239.914
239.914
239.914
239.914
239.914
239.914
239.914
239.914
239.914
239.914
239.914
239.914
239.914
239.914
239.914
239.914
239.914
239.914
239.914
239.914
239.914
239.914
239.914
238.688
238.688
238.688
238.688
238.688
238.688
238.688
238.688
238.688
238.688
238.688
238.688
238.688
238.688
238.688
238.688
238.688
238.688
238.688
238.688
238.688
238.688
238.688
238.688
238.688
238.688
238.688
238.688
238.688
238.688
238.688
238.688
238.688
238.688
238.688
238.688
238.688
238.688
238.688
238.688
237.461
237.461
237.461
237.461
237.461
237.461
237.461
237.461
237.461
237.461
237.461
237.461
237.461
237.461
237.461
237.461
237.461
237.461
237.461
237.461
237.461
237.461
237.461
237.461
237.461
237.461
237.461
237.461
237.461
237.461
237.461
237.461
237.461
237.461
237.461
237.461
237.461
237.461
237.461
237.461
236.235
236.235
236.235
236.235
236.235
236.235
236.235
236.235
236.235
236.235
236.235
236.235
236.235
236.235
236.235
236.235
236.235
236.235
236.235
236.235
236.235
236.235
236.235
236.235
236.235
236.235
236.235
236.235
236.235
236.235
236.235
236.235
236.235
236.235
236.235
236.235
236.235
236.235
236.235
236.235
235.009
235.009
235.009
235.009
235.009
235.009
235.009
235.009
235.009
235.009
235.009
235.009
235.009
235.009
235.009
235.009
235.009
235.009
235.009
235.009
235.009
235.009
235.009
235.009
235.009
235.009
235.009
235.009
235.009
235.009
235.009
235.009
235.009
235.009
235.009
235.009
235.009
235.009
235.009
235.009
233.782
233.782
233.782
233.782
233.782
233.782
233.782
233.782
233.782
233.782
233.782
233.782
233.782
233.782
233.782
233.782
233.782
233.782
233.782
233.782
233.782
233.782
233.782
233.782
233.782
233.782
233.782
233.782
233.782
233.782
233.782
233.782
233.782
233.782
233.782
233.782
233.782
233.782
233.782
233.782
232.556
232.556
232.556
232.556
232.556
232.556
232.556
232.556
232.556
232.556
232.556
232.556
232.556
232.556
232.556
232.556
232.556
232.556
232.556
232.556
232.556
232.556
232.556
232.556
232.556
232.556
232.556
232.556
232.556
232.556
232.556
232.556
232.556
232.556
232.556
232.556
232.556
232.556
232.556
232.556
231.33
231.33
231.33
231.33
231.33
231.33
231.33
231.33
231.33
231.33
231.33
231.33
231.33
231.33
231.33
231.33
231.33
231.33
231.33
231.33
231.33
231.33
231.33
231.33
231.33
231.33
231.33
231.33
231.33
231.33
231.33
231.33
231.33
231.33
231.33
231.33
231.33
231.33
231.33
231.33
230.104
230.104
230.104
230.104
230.104
230.104
230.104
230.104
230.104
230.104
230.104
230.104
230.104
230.104
230.104
230.104
230.104
230.104
230.104
230.104
230.104
230.104
230.104
230.104
230.104
230.104
230.104
230.104
230.104
230.104
230.104
230.104
230.104
230.104
230.104
230.104
230.104
230.104
230.104
230.104
228.877
228.877
228.877
228.877
228.877
228.877
228.877
228.877
228.877
228.877
228.877
228.877
228.877
228.877
228.877
228.877
228.877
228.877
228.877
228.877
228.877
228.877
228.877
228.877
228.877
228.877
228.877
228.877
228.877
228.877
228.877
228.877
228.877
228.877
228.877
228.877
228.877
228.877
228.877
228.877
227.651
227.651
227.651
227.651
227.651
227.651
227.651
227.651
227.651
227.651
227.651
227.651
227.651
227.651
227.651
227.651
227.651
227.651
227.651
227.651
227.651
227.651
227.651
227.651
227.651
227.651
227.651
227.651
227.651
227.651
227.651
227.651
227.651
227.651
227.651
227.651
227.651
227.651
227.651
227.651
226.425
226.425
226.425
226.425
226.425
226.425
226.425
226.425
226.425
226.425
226.425
226.425
226.425
226.425
226.425
226.425
226.425
226.425
226.425
226.425
226.425
226.425
226.425
226.425
226.425
226.425
226.425
226.425
226.425
226.425
226.425
226.425
226.425
226.425
226.425
226.425
226.425
226.425
226.425
226.425
225.199
225.199
225.199
225.199
225.199
225.199
225.199
225.199
225.199
225.199
225.199
225.199
225.199
225.199
225.199
225.199
225.199
225.199
225.199
225.199
225.199
225.199
225.199
225.199
225.199
225.199
225.199
225.199
225.199
225.199
225.199
225.199
225.199
225.199
225.199
225.199
225.199
225.199
225.199
225.199
223.972
223.972
223.972
223.972
223.972
223.972
223.972
223.972
223.972
223.972
223.972
223.972
223.972
223.972
223.972
223.972
223.972
223.972
223.972
223.972
223.972
223.972
223.972
223.972
223.972
223.972
223.972
223.972
223.972
223.972
223.972
223.972
223.972
223.972
223.972
223.972
223.972
223.972
223.972
223.972
222.746
222.746
222.746
222.746
222.746
222.746
222.746
222.746
222.746
222.746
222.746
222.746
222.746
222.746
222.746
222.746
222.746
222.746
222.746
222.746
222.746
222.746
222.746
222.746
222.746
222.746
222.746
222.746
222.746
222.746
222.746
222.746
222.746
222.746
222.746
222.746
222.746
222.746
222.746
222.746
221.52
221.52
221.52
221.52
221.52
221.52
221.52
221.52
221.52
221.52
221.52
221.52
221.52
221.52
221.52
221.52
221.52
221.52
221.52
221.52
221.52
221.52
221.52
221.52
221.52
221.52
221.52
221.52
221.52
221.52
221.52
221.52
221.52
221.52
221.52
221.52
221.52
221.52
221.52
221.52
220.294
220.294
220.294
220.294
220.294
220.294
220.294
220.294
220.294
220.294
220.294
220.294
220.294
220.294
220.294
220.294
220.294
220.294
220.294
220.294
220.294
220.294
220.294
220.294
220.294
220.294
220.294
220.294
220.294
220.294
220.294
220.294
220.294
220.294
220.294
220.294
220.294
220.294
220.294
220.294
219.067
219.067
219.067
219.067
219.067
219.067
219.067
219.067
219.067
219.067
219.067
219.067
219.067
219.067
219.067
219.067
219.067
219.067
219.067
219.067
219.067
219.067
219.067
219.067
219.067
219.067
219.067
219.067
219.067
219.067
219.067
219.067
219.067
219.067
219.067
219.067
219.067
219.067
219.067
219.067
217.841
217.841
217.841
217.841
217.841
217.841
217.841
217.841
217.841
217.841
217.841
217.841
217.841
217.841
217.841
217.841
217.841
217.841
217.841
217.841
217.841
217.841
217.841
217.841
217.841
217.841
217.841
217.841
217.841
217.841
217.841
217.841
217.841
217.841
217.841
217.841
217.841
217.841
217.841
217.841
216.615
216.615
216.615
216.615
216.615
216.615
216.615
216.615
216.615
216.615
216.615
216.615
216.615
216.615
216.615
216.615
216.615
216.615
216.615
216.615
216.615
216.615
216.615
216.615
216.615
216.615
216.615
216.615
216.615
216.615
216.615
216.615
216.615
216.615
216.615
216.615
216.615
216.615
216.615
216.615
215.389
215.389
215.389
215.389
215.389
215.389
215.389
215.389
215.389
215.389
215.389
215.389
215.389
215.389
215.389
215.389
215.389
215.389
215.389
215.389
215.389
215.389
215.389
215.389
215.389
215.389
215.389
215.389
215.389
215.389
215.389
215.389
215.389
215.389
215.389
215.389
215.389
215.389
215.389
215.389
214.162
214.162
214.162
214.162
214.162
214.162
214.162
214.162
214.162
214.162
214.162
214.162
214.162
214.162
214.162
214.162
214.162
214.162
214.162
214.162
214.162
214.162
214.162
214.162
214.162
214.162
214.162
214.162
214.162
214.162
214.162
214.162
214.162
214.162
214.162
214.162
214.162
214.162
214.162
214.162
212.936
212.936
212.936
212.936
212.936
212.936
212.936
212.936
212.936
212.936
212.936
212.936
212.936
212.936
212.936
212.936
212.936
212.936
212.936
212.936
212.936
212.936
212.936
212.936
212.936
212.936
212.936
212.936
212.936
212.936
212.936
212.936
212.936
212.936
212.936
212.936
212.936
212.936
212.936
212.936
211.71
211.71
211.71
211.71
211.71
211.71
211.71
211.71
211.71
211.71
211.71
211.71
211.71
211.71
211.71
211.71
211.71
211.71
211.71
211.71
211.71
211.71
211.71
211.71
211.71
211.71
211.71
211.71
211.71
211.71
211.71
211.71
211.71
211.71
211.71
211.71
211.71
211.71
211.71
211.71
210.484
210.484
210.484
210.484
210.484
210.484
210.484
210.484
210.484
210.484
210.484
210.484
210.484
210.484
210.484
210.484
210.484
210.484
210.484
210.484
210.484
210.484
210.484
210.484
210.484
210.484
210.484
210.484
210.484
210.484
210.484
210.484
210.484
210.484
210.484
210.484
210.484
210.484
210.484
210.484
209.257
209.257
209.257
209.257
209.257
209.257
209.257
209.257
209.257
209.257
209.257
209.257
209.257
209.257
209.257
209.257
209.257
209.257
209.257
209.257
209.257
209.257
209.257
209.257
209.257
209.257
209.257
209.257
209.257
209.257
209.257
209.257
209.257
209.257
209.257
209.257
209.257
209.257
209.257
209.257
208.031
208.031
208.031
208.031
208.031
208.031
208.031
208.031
208.031
208.031
208.031
208.031
208.031
208.031
208.031
208.031
208.031
208.031
208.031
208.031
208.031
208.031
208.031
208.031
208.031
208.031
208.031
208.031
208.031
208.031
208.031
208.031
208.031
208.031
208.031
208.031
208.031
208.031
208.031
208.031
206.805
206.805
206.805
206.805
206.805
206.805
206.805
206.805
206.805
206.805
206.805
206.805
206.805
206.805
206.805
206.805
206.805
206.805
206.805
206.805
206.805
206.805
206.805
206.805
206.805
206.805
206.805
206.805
206.805
206.805
206.805
206.805
206.805
206.805
206.805
206.805
206.805
206.805
206.805
206.805
205.579
205.579
205.579
205.579
205.579
205.579
205.579
205.579
205.579
205.579
205.579
205.579
205.579
205.579
205.579
205.579
205.579
205.579
205.579
205.579
205.579
205.579
205.579
205.579
205.579
205.579
205.579
205.579
205.579
205.579
205.579
205.579
205.579
205.579
205.579
205.579
205.579
205.579
205.579
205.579
204.353
204.353
204.353
204.353
204.353
204.353
204.353
204.353
204.353
204.353
204.353
204.353
204.353
204.353
204.353
204.353
204.353
204.353
204.353
204.353
204.353
204.353
204.353
204.353
204.353
204.353
204.353
204.353
204.353
204.353
204.353
204.353
204.353
204.353
204.353
204.353
204.353
204.353
204.353
204.353
203.126
203.126
203.126
203.126
203.126
203.126
203.126
203.126
203.126
203.126
203.126
203.126
203.126
203.126
203.126
203.126
203.126
203.126
203.126
203.126
203.126
203.126
203.126
203.126
203.126
203.126
203.126
203.126
203.126
203.126
203.126
203.126
203.126
203.126
203.126
203.126
203.126
203.126
203.126
203.126
)
;

boundaryField
{
top
    {
        type            fixedGradient;
        gradient        uniform -0.00981;
    }
bottom
    {
     	type            fixedGradient;
        gradient        uniform 0.00981;
    }
    left
    {
     	type            zeroGradient;
    }
    right
    {
     	type            zeroGradient;
    }
    frontandback
    {
     	type            empty;
    }
}



// ************************************************************************* //
