/*--------------------------------*- C++ -*----------------------------------*\
| =========                 |                                                 |
| \\      /  F ield         | OpenFOAM: The Open Source CFD Toolbox           |
|  \\    /   O peration     | Version:  v2106                                 |
|   \\  /    A nd           | Website:  www.openfoam.com                      |
|    \\/     M anipulation  |                                                 |
\*---------------------------------------------------------------------------*/
FoamFile
{
    version     2.0;
    format      ascii;
    arch        "LSB;label=32;scalar=64";
    class       volScalarField;
    location    "0";
    object      T;
}
// * * * * * * * * * * * * * * * * * * * * * * * * * * * * * * * * * * * * * //

dimensions      [0 0 0 1 0 0 0];

internalField   nonuniform List<scalar> 
1024
(
298.038
298.038
298.038
298.038
298.038
298.038
298.038
298.038
298.038
298.038
298.038
298.038
298.038
298.038
298.038
298.038
298.038
298.038
298.038
298.038
298.038
298.038
298.038
298.038
298.038
298.038
298.038
298.038
298.038
298.038
298.038
298.038
298.038
298.038
298.038
298.038
298.038
298.038
298.038
298.038
298.038
298.038
298.038
298.038
298.038
298.038
298.038
298.038
298.038
298.038
298.038
298.038
298.038
298.038
298.038
298.038
298.038
298.038
298.038
298.038
298.038
298.038
298.038
298.038
294.114
294.114
294.114
294.114
294.114
294.114
294.114
294.114
294.114
294.114
294.114
294.114
294.114
294.114
294.114
294.114
294.114
294.114
294.114
294.114
294.114
294.114
294.114
294.114
294.114
294.114
294.114
294.114
294.114
294.114
294.114
294.114
294.114
294.114
294.114
294.114
294.114
294.114
294.114
294.114
294.114
294.114
294.114
294.114
294.114
294.114
294.114
294.114
294.114
294.114
294.114
294.114
294.114
294.114
294.114
294.114
294.114
294.114
294.114
294.114
294.114
294.114
294.114
294.114
290.19
290.19
290.19
290.19
290.19
290.19
290.19
290.19
290.19
290.19
290.19
290.19
290.19
290.19
290.19
290.19
290.19
290.19
290.19
290.19
290.19
290.19
290.19
290.19
290.19
290.19
290.19
290.19
290.19
290.19
290.19
290.19
290.19
290.19
290.19
290.19
290.19
290.19
290.19
290.19
290.19
290.19
290.19
290.19
290.19
290.19
290.19
290.19
290.19
290.19
290.19
290.19
290.19
290.19
290.19
290.19
290.19
290.19
290.19
290.19
290.19
290.19
290.19
290.19
284.85
285.015
285.312
285.675
286.015
286.233
286.266
286.266
286.266
286.266
286.266
286.266
286.266
286.266
286.266
286.266
286.266
286.266
286.266
286.266
286.266
286.266
286.266
286.266
286.266
286.266
286.266
286.266
286.266
286.266
286.266
286.266
286.266
286.266
286.266
286.266
286.266
286.266
286.266
286.266
286.266
286.266
286.266
286.266
286.266
286.266
286.266
286.266
286.266
286.266
286.266
286.266
286.266
286.266
286.266
286.266
286.266
286.266
286.266
286.266
286.266
286.266
286.266
286.266
277.199
277.562
278.24
279.14
280.139
281.091
281.851
282.283
282.342
282.342
282.342
282.342
282.342
282.342
282.342
282.342
282.342
282.342
282.342
282.342
282.342
282.342
282.342
282.342
282.342
282.342
282.342
282.342
282.342
282.342
282.342
282.342
282.342
282.342
282.342
282.342
282.342
282.342
282.342
282.342
282.342
282.342
282.342
282.342
282.342
282.342
282.342
282.342
282.342
282.342
282.342
282.342
282.342
282.342
282.342
282.342
282.342
282.342
282.342
282.342
282.342
282.342
282.342
282.342
268.666
269.213
270.246
271.653
273.275
274.931
276.431
277.596
278.28
278.418
278.418
278.418
278.418
278.418
278.418
278.418
278.418
278.418
278.418
278.418
278.418
278.418
278.418
278.418
278.418
278.418
278.418
278.418
278.418
278.418
278.418
278.418
278.418
278.418
278.418
278.418
278.418
278.418
278.418
278.418
278.418
278.418
278.418
278.418
278.418
278.418
278.418
278.418
278.418
278.418
278.418
278.418
278.418
278.418
278.418
278.418
278.418
278.418
278.418
278.418
278.418
278.418
278.418
278.418
261.011
261.689
262.975
264.742
266.81
268.972
271.007
272.71
273.903
274.461
274.494
274.494
274.494
274.494
274.494
274.494
274.494
274.494
274.494
274.494
274.494
274.494
274.494
274.494
274.494
274.494
274.494
274.494
274.494
274.494
274.494
274.494
274.494
274.494
274.494
274.494
274.494
274.494
274.494
274.494
274.494
274.494
274.494
274.494
274.494
274.494
274.494
274.494
274.494
274.494
274.494
274.494
274.494
274.494
274.494
274.494
274.494
274.494
274.494
274.494
274.494
274.494
274.494
274.494
255.662
256.387
257.765
259.661
261.891
264.237
266.468
268.367
269.748
270.476
270.57
270.57
270.57
270.57
270.57
270.57
270.57
270.57
270.57
270.57
270.57
270.57
270.57
270.57
270.57
270.57
270.57
270.57
270.57
270.57
270.57
270.57
270.57
270.57
270.57
270.57
270.57
270.57
270.57
270.57
270.57
270.57
270.57
270.57
270.57
270.57
270.57
270.57
270.57
270.57
270.57
270.57
270.57
270.57
270.57
270.57
270.57
270.57
270.57
270.57
270.57
270.57
270.57
270.57
253.163
253.841
255.127
256.894
258.962
261.124
263.159
264.862
266.055
266.613
266.646
266.646
266.646
266.646
266.646
266.646
266.646
266.646
266.646
266.646
266.646
266.646
266.646
266.646
266.646
266.646
266.646
266.646
266.646
266.646
266.646
266.646
266.646
266.646
266.646
266.646
266.646
266.646
266.646
266.646
266.646
266.646
266.646
266.646
266.646
266.646
266.646
266.646
266.646
266.646
266.646
266.646
266.646
266.646
266.646
266.646
266.646
266.646
266.646
266.646
266.646
266.646
266.646
266.646
252.97
253.517
254.55
255.957
257.579
259.235
260.735
261.9
262.584
262.722
262.722
262.722
262.722
262.722
262.722
262.722
262.722
262.722
262.722
262.722
262.722
262.722
262.722
262.722
262.722
262.722
262.722
262.722
262.722
262.722
262.722
262.722
262.722
262.722
262.722
262.722
262.722
262.722
262.722
262.722
262.722
262.722
262.722
262.722
262.722
262.722
262.722
262.722
262.722
262.722
262.722
262.722
262.722
262.722
262.722
262.722
262.722
262.722
262.722
262.722
262.722
262.722
262.722
262.722
253.655
254.018
254.696
255.596
256.595
257.547
258.307
258.739
258.798
258.798
258.798
258.798
258.798
258.798
258.798
258.798
258.798
258.798
258.798
258.798
258.798
258.798
258.798
258.798
258.798
258.798
258.798
258.798
258.798
258.798
258.798
258.798
258.798
258.798
258.798
258.798
258.798
258.798
258.798
258.798
258.798
258.798
258.798
258.798
258.798
258.798
258.798
258.798
258.798
258.798
258.798
258.798
258.798
258.798
258.798
258.798
258.798
258.798
258.798
258.798
258.798
258.798
258.798
258.798
253.458
253.623
253.92
254.283
254.623
254.841
254.874
254.874
254.874
254.874
254.874
254.874
254.874
254.874
254.874
254.874
254.874
254.874
254.874
254.874
254.874
254.874
254.874
254.874
254.874
254.874
254.874
254.874
254.874
254.874
254.874
254.874
254.874
254.874
254.874
254.874
254.874
254.874
254.874
254.874
254.874
254.874
254.874
254.874
254.874
254.874
254.874
254.874
254.874
254.874
254.874
254.874
254.874
254.874
254.874
254.874
254.874
254.874
254.874
254.874
254.874
254.874
254.874
254.874
250.95
250.95
250.95
250.95
250.95
250.95
250.95
250.95
250.95
250.95
250.95
250.95
250.95
250.95
250.95
250.95
250.95
250.95
250.95
250.95
250.95
250.95
250.95
250.95
250.95
250.95
250.95
250.95
250.95
250.95
250.95
250.95
250.95
250.95
250.95
250.95
250.95
250.95
250.95
250.95
250.95
250.95
250.95
250.95
250.95
250.95
250.95
250.95
250.95
250.95
250.95
250.95
250.95
250.95
250.95
250.95
250.95
250.95
250.95
250.95
250.95
250.95
250.95
250.95
247.026
247.026
247.026
247.026
247.026
247.026
247.026
247.026
247.026
247.026
247.026
247.026
247.026
247.026
247.026
247.026
247.026
247.026
247.026
247.026
247.026
247.026
247.026
247.026
247.026
247.026
247.026
247.026
247.026
247.026
247.026
247.026
247.026
247.026
247.026
247.026
247.026
247.026
247.026
247.026
247.026
247.026
247.026
247.026
247.026
247.026
247.026
247.026
247.026
247.026
247.026
247.026
247.026
247.026
247.026
247.026
247.026
247.026
247.026
247.026
247.026
247.026
247.026
247.026
243.102
243.102
243.102
243.102
243.102
243.102
243.102
243.102
243.102
243.102
243.102
243.102
243.102
243.102
243.102
243.102
243.102
243.102
243.102
243.102
243.102
243.102
243.102
243.102
243.102
243.102
243.102
243.102
243.102
243.102
243.102
243.102
243.102
243.102
243.102
243.102
243.102
243.102
243.102
243.102
243.102
243.102
243.102
243.102
243.102
243.102
243.102
243.102
243.102
243.102
243.102
243.102
243.102
243.102
243.102
243.102
243.102
243.102
243.102
243.102
243.102
243.102
243.102
243.102
239.178
239.178
239.178
239.178
239.178
239.178
239.178
239.178
239.178
239.178
239.178
239.178
239.178
239.178
239.178
239.178
239.178
239.178
239.178
239.178
239.178
239.178
239.178
239.178
239.178
239.178
239.178
239.178
239.178
239.178
239.178
239.178
239.178
239.178
239.178
239.178
239.178
239.178
239.178
239.178
239.178
239.178
239.178
239.178
239.178
239.178
239.178
239.178
239.178
239.178
239.178
239.178
239.178
239.178
239.178
239.178
239.178
239.178
239.178
239.178
239.178
239.178
239.178
239.178
)
;

boundaryField
{
top
    {
        type            fixedGradient;
        gradient        uniform -0.00981;
    }
bottom
    {
        type            fixedGradient;
        gradient        uniform 0.00981;
    }
    left
    {
        type            zeroGradient;
    }
    right
    {
        type            zeroGradient;
    }
    frontandback
    {
        type            empty;
    }
}


// ************************************************************************* //
