/*--------------------------------*- C++ -*----------------------------------*\
| =========                 |                                                 |
| \\      /  F ield         | OpenFOAM: The Open Source CFD Toolbox           |
|  \\    /   O peration     | Version:  v2106                                 |
|   \\  /    A nd           | Website:  www.openfoam.com                      |
|    \\/     M anipulation  |                                                 |
\*---------------------------------------------------------------------------*/
FoamFile
{
    version     2.0;
    format      ascii;
    arch        "LSB;label=32;scalar=64";
    class       volScalarField;
    location    "0";
    object      T;
}
// * * * * * * * * * * * * * * * * * * * * * * * * * * * * * * * * * * * * * //

dimensions      [0 0 0 1 0 0 0];

internalField   nonuniform List<scalar> 
4096
(
299.019
299.019
299.019
299.019
299.019
299.019
299.019
299.019
299.019
299.019
299.019
299.019
299.019
299.019
299.019
299.019
299.019
299.019
299.019
299.019
299.019
299.019
299.019
299.019
299.019
299.019
299.019
299.019
299.019
299.019
299.019
299.019
299.019
299.019
299.019
299.019
299.019
299.019
299.019
299.019
299.019
299.019
299.019
299.019
299.019
299.019
299.019
299.019
299.019
299.019
299.019
299.019
299.019
299.019
299.019
299.019
299.019
299.019
299.019
299.019
299.019
299.019
299.019
299.019
299.019
299.019
299.019
299.019
299.019
299.019
299.019
299.019
299.019
299.019
299.019
299.019
299.019
299.019
299.019
299.019
299.019
299.019
299.019
299.019
299.019
299.019
299.019
299.019
299.019
299.019
299.019
299.019
299.019
299.019
299.019
299.019
299.019
299.019
299.019
299.019
299.019
299.019
299.019
299.019
299.019
299.019
299.019
299.019
299.019
299.019
299.019
299.019
299.019
299.019
299.019
299.019
299.019
299.019
299.019
299.019
299.019
299.019
299.019
299.019
299.019
299.019
299.019
299.019
297.057
297.057
297.057
297.057
297.057
297.057
297.057
297.057
297.057
297.057
297.057
297.057
297.057
297.057
297.057
297.057
297.057
297.057
297.057
297.057
297.057
297.057
297.057
297.057
297.057
297.057
297.057
297.057
297.057
297.057
297.057
297.057
297.057
297.057
297.057
297.057
297.057
297.057
297.057
297.057
297.057
297.057
297.057
297.057
297.057
297.057
297.057
297.057
297.057
297.057
297.057
297.057
297.057
297.057
297.057
297.057
297.057
297.057
297.057
297.057
297.057
297.057
297.057
297.057
297.057
297.057
297.057
297.057
297.057
297.057
297.057
297.057
297.057
297.057
297.057
297.057
297.057
297.057
297.057
297.057
297.057
297.057
297.057
297.057
297.057
297.057
297.057
297.057
297.057
297.057
297.057
297.057
297.057
297.057
297.057
297.057
297.057
297.057
297.057
297.057
297.057
297.057
297.057
297.057
297.057
297.057
297.057
297.057
297.057
297.057
297.057
297.057
297.057
297.057
297.057
297.057
297.057
297.057
297.057
297.057
297.057
297.057
297.057
297.057
297.057
297.057
297.057
297.057
295.095
295.095
295.095
295.095
295.095
295.095
295.095
295.095
295.095
295.095
295.095
295.095
295.095
295.095
295.095
295.095
295.095
295.095
295.095
295.095
295.095
295.095
295.095
295.095
295.095
295.095
295.095
295.095
295.095
295.095
295.095
295.095
295.095
295.095
295.095
295.095
295.095
295.095
295.095
295.095
295.095
295.095
295.095
295.095
295.095
295.095
295.095
295.095
295.095
295.095
295.095
295.095
295.095
295.095
295.095
295.095
295.095
295.095
295.095
295.095
295.095
295.095
295.095
295.095
295.095
295.095
295.095
295.095
295.095
295.095
295.095
295.095
295.095
295.095
295.095
295.095
295.095
295.095
295.095
295.095
295.095
295.095
295.095
295.095
295.095
295.095
295.095
295.095
295.095
295.095
295.095
295.095
295.095
295.095
295.095
295.095
295.095
295.095
295.095
295.095
295.095
295.095
295.095
295.095
295.095
295.095
295.095
295.095
295.095
295.095
295.095
295.095
295.095
295.095
295.095
295.095
295.095
295.095
295.095
295.095
295.095
295.095
295.095
295.095
295.095
295.095
295.095
295.095
293.133
293.133
293.133
293.133
293.133
293.133
293.133
293.133
293.133
293.133
293.133
293.133
293.133
293.133
293.133
293.133
293.133
293.133
293.133
293.133
293.133
293.133
293.133
293.133
293.133
293.133
293.133
293.133
293.133
293.133
293.133
293.133
293.133
293.133
293.133
293.133
293.133
293.133
293.133
293.133
293.133
293.133
293.133
293.133
293.133
293.133
293.133
293.133
293.133
293.133
293.133
293.133
293.133
293.133
293.133
293.133
293.133
293.133
293.133
293.133
293.133
293.133
293.133
293.133
293.133
293.133
293.133
293.133
293.133
293.133
293.133
293.133
293.133
293.133
293.133
293.133
293.133
293.133
293.133
293.133
293.133
293.133
293.133
293.133
293.133
293.133
293.133
293.133
293.133
293.133
293.133
293.133
293.133
293.133
293.133
293.133
293.133
293.133
293.133
293.133
293.133
293.133
293.133
293.133
293.133
293.133
293.133
293.133
293.133
293.133
293.133
293.133
293.133
293.133
293.133
293.133
293.133
293.133
293.133
293.133
293.133
293.133
293.133
293.133
293.133
293.133
293.133
293.133
291.171
291.171
291.171
291.171
291.171
291.171
291.171
291.171
291.171
291.171
291.171
291.171
291.171
291.171
291.171
291.171
291.171
291.171
291.171
291.171
291.171
291.171
291.171
291.171
291.171
291.171
291.171
291.171
291.171
291.171
291.171
291.171
291.171
291.171
291.171
291.171
291.171
291.171
291.171
291.171
291.171
291.171
291.171
291.171
291.171
291.171
291.171
291.171
291.171
291.171
291.171
291.171
291.171
291.171
291.171
291.171
291.171
291.171
291.171
291.171
291.171
291.171
291.171
291.171
291.171
291.171
291.171
291.171
291.171
291.171
291.171
291.171
291.171
291.171
291.171
291.171
291.171
291.171
291.171
291.171
291.171
291.171
291.171
291.171
291.171
291.171
291.171
291.171
291.171
291.171
291.171
291.171
291.171
291.171
291.171
291.171
291.171
291.171
291.171
291.171
291.171
291.171
291.171
291.171
291.171
291.171
291.171
291.171
291.171
291.171
291.171
291.171
291.171
291.171
291.171
291.171
291.171
291.171
291.171
291.171
291.171
291.171
291.171
291.171
291.171
291.171
291.171
291.171
289.116
289.126
289.143
289.165
289.187
289.204
289.209
289.209
289.209
289.209
289.209
289.209
289.209
289.209
289.209
289.209
289.209
289.209
289.209
289.209
289.209
289.209
289.209
289.209
289.209
289.209
289.209
289.209
289.209
289.209
289.209
289.209
289.209
289.209
289.209
289.209
289.209
289.209
289.209
289.209
289.209
289.209
289.209
289.209
289.209
289.209
289.209
289.209
289.209
289.209
289.209
289.209
289.209
289.209
289.209
289.209
289.209
289.209
289.209
289.209
289.209
289.209
289.209
289.209
289.209
289.209
289.209
289.209
289.209
289.209
289.209
289.209
289.209
289.209
289.209
289.209
289.209
289.209
289.209
289.209
289.209
289.209
289.209
289.209
289.209
289.209
289.209
289.209
289.209
289.209
289.209
289.209
289.209
289.209
289.209
289.209
289.209
289.209
289.209
289.209
289.209
289.209
289.209
289.209
289.209
289.209
289.209
289.209
289.209
289.209
289.209
289.209
289.209
289.209
289.209
289.209
289.209
289.209
289.209
289.209
289.209
289.209
289.209
289.209
289.209
289.209
289.209
289.209
286.429
286.46
286.52
286.605
286.71
286.827
286.946
287.059
287.154
287.22
287.247
287.247
287.247
287.247
287.247
287.247
287.247
287.247
287.247
287.247
287.247
287.247
287.247
287.247
287.247
287.247
287.247
287.247
287.247
287.247
287.247
287.247
287.247
287.247
287.247
287.247
287.247
287.247
287.247
287.247
287.247
287.247
287.247
287.247
287.247
287.247
287.247
287.247
287.247
287.247
287.247
287.247
287.247
287.247
287.247
287.247
287.247
287.247
287.247
287.247
287.247
287.247
287.247
287.247
287.247
287.247
287.247
287.247
287.247
287.247
287.247
287.247
287.247
287.247
287.247
287.247
287.247
287.247
287.247
287.247
287.247
287.247
287.247
287.247
287.247
287.247
287.247
287.247
287.247
287.247
287.247
287.247
287.247
287.247
287.247
287.247
287.247
287.247
287.247
287.247
287.247
287.247
287.247
287.247
287.247
287.247
287.247
287.247
287.247
287.247
287.247
287.247
287.247
287.247
287.247
287.247
287.247
287.247
287.247
287.247
287.247
287.247
287.247
287.247
287.247
287.247
287.247
287.247
283.089
283.144
283.252
283.407
283.603
283.831
284.079
284.336
284.587
284.82
285.019
285.172
285.263
285.285
285.285
285.285
285.285
285.285
285.285
285.285
285.285
285.285
285.285
285.285
285.285
285.285
285.285
285.285
285.285
285.285
285.285
285.285
285.285
285.285
285.285
285.285
285.285
285.285
285.285
285.285
285.285
285.285
285.285
285.285
285.285
285.285
285.285
285.285
285.285
285.285
285.285
285.285
285.285
285.285
285.285
285.285
285.285
285.285
285.285
285.285
285.285
285.285
285.285
285.285
285.285
285.285
285.285
285.285
285.285
285.285
285.285
285.285
285.285
285.285
285.285
285.285
285.285
285.285
285.285
285.285
285.285
285.285
285.285
285.285
285.285
285.285
285.285
285.285
285.285
285.285
285.285
285.285
285.285
285.285
285.285
285.285
285.285
285.285
285.285
285.285
285.285
285.285
285.285
285.285
285.285
285.285
285.285
285.285
285.285
285.285
285.285
285.285
285.285
285.285
285.285
285.285
285.285
285.285
285.285
285.285
285.285
285.285
285.285
285.285
285.285
285.285
285.285
285.285
279.231
279.311
279.469
279.698
279.99
280.334
280.718
281.127
281.545
281.954
282.339
282.681
282.965
283.175
283.296
283.323
283.323
283.323
283.323
283.323
283.323
283.323
283.323
283.323
283.323
283.323
283.323
283.323
283.323
283.323
283.323
283.323
283.323
283.323
283.323
283.323
283.323
283.323
283.323
283.323
283.323
283.323
283.323
283.323
283.323
283.323
283.323
283.323
283.323
283.323
283.323
283.323
283.323
283.323
283.323
283.323
283.323
283.323
283.323
283.323
283.323
283.323
283.323
283.323
283.323
283.323
283.323
283.323
283.323
283.323
283.323
283.323
283.323
283.323
283.323
283.323
283.323
283.323
283.323
283.323
283.323
283.323
283.323
283.323
283.323
283.323
283.323
283.323
283.323
283.323
283.323
283.323
283.323
283.323
283.323
283.323
283.323
283.323
283.323
283.323
283.323
283.323
283.323
283.323
283.323
283.323
283.323
283.323
283.323
283.323
283.323
283.323
283.323
283.323
283.323
283.323
283.323
283.323
283.323
283.323
283.323
283.323
283.323
283.323
283.323
283.323
283.323
283.323
275.041
275.146
275.353
275.655
276.042
276.503
277.023
277.584
278.168
278.756
279.328
279.863
280.342
280.747
281.06
281.268
281.358
281.361
281.361
281.361
281.361
281.361
281.361
281.361
281.361
281.361
281.361
281.361
281.361
281.361
281.361
281.361
281.361
281.361
281.361
281.361
281.361
281.361
281.361
281.361
281.361
281.361
281.361
281.361
281.361
281.361
281.361
281.361
281.361
281.361
281.361
281.361
281.361
281.361
281.361
281.361
281.361
281.361
281.361
281.361
281.361
281.361
281.361
281.361
281.361
281.361
281.361
281.361
281.361
281.361
281.361
281.361
281.361
281.361
281.361
281.361
281.361
281.361
281.361
281.361
281.361
281.361
281.361
281.361
281.361
281.361
281.361
281.361
281.361
281.361
281.361
281.361
281.361
281.361
281.361
281.361
281.361
281.361
281.361
281.361
281.361
281.361
281.361
281.361
281.361
281.361
281.361
281.361
281.361
281.361
281.361
281.361
281.361
281.361
281.361
281.361
281.361
281.361
281.361
281.361
281.361
281.361
281.361
281.361
281.361
281.361
281.361
281.361
270.737
270.865
271.118
271.489
271.966
272.537
273.184
273.889
274.63
275.387
276.136
276.855
277.521
278.113
278.612
279
279.263
279.389
279.399
279.399
279.399
279.399
279.399
279.399
279.399
279.399
279.399
279.399
279.399
279.399
279.399
279.399
279.399
279.399
279.399
279.399
279.399
279.399
279.399
279.399
279.399
279.399
279.399
279.399
279.399
279.399
279.399
279.399
279.399
279.399
279.399
279.399
279.399
279.399
279.399
279.399
279.399
279.399
279.399
279.399
279.399
279.399
279.399
279.399
279.399
279.399
279.399
279.399
279.399
279.399
279.399
279.399
279.399
279.399
279.399
279.399
279.399
279.399
279.399
279.399
279.399
279.399
279.399
279.399
279.399
279.399
279.399
279.399
279.399
279.399
279.399
279.399
279.399
279.399
279.399
279.399
279.399
279.399
279.399
279.399
279.399
279.399
279.399
279.399
279.399
279.399
279.399
279.399
279.399
279.399
279.399
279.399
279.399
279.399
279.399
279.399
279.399
279.399
279.399
279.399
279.399
279.399
279.399
279.399
279.399
279.399
279.399
279.399
266.547
266.696
266.99
267.421
267.978
268.645
269.405
270.236
271.117
272.023
272.93
273.812
274.644
275.404
276.068
276.619
277.038
277.313
277.432
277.437
277.437
277.437
277.437
277.437
277.437
277.437
277.437
277.437
277.437
277.437
277.437
277.437
277.437
277.437
277.437
277.437
277.437
277.437
277.437
277.437
277.437
277.437
277.437
277.437
277.437
277.437
277.437
277.437
277.437
277.437
277.437
277.437
277.437
277.437
277.437
277.437
277.437
277.437
277.437
277.437
277.437
277.437
277.437
277.437
277.437
277.437
277.437
277.437
277.437
277.437
277.437
277.437
277.437
277.437
277.437
277.437
277.437
277.437
277.437
277.437
277.437
277.437
277.437
277.437
277.437
277.437
277.437
277.437
277.437
277.437
277.437
277.437
277.437
277.437
277.437
277.437
277.437
277.437
277.437
277.437
277.437
277.437
277.437
277.437
277.437
277.437
277.437
277.437
277.437
277.437
277.437
277.437
277.437
277.437
277.437
277.437
277.437
277.437
277.437
277.437
277.437
277.437
277.437
277.437
277.437
277.437
277.437
277.437
262.69
262.856
263.183
263.663
264.283
265.028
265.879
266.813
267.806
268.833
269.867
270.882
271.85
272.746
273.546
274.229
274.777
275.174
275.409
275.475
275.475
275.475
275.475
275.475
275.475
275.475
275.475
275.475
275.475
275.475
275.475
275.475
275.475
275.475
275.475
275.475
275.475
275.475
275.475
275.475
275.475
275.475
275.475
275.475
275.475
275.475
275.475
275.475
275.475
275.475
275.475
275.475
275.475
275.475
275.475
275.475
275.475
275.475
275.475
275.475
275.475
275.475
275.475
275.475
275.475
275.475
275.475
275.475
275.475
275.475
275.475
275.475
275.475
275.475
275.475
275.475
275.475
275.475
275.475
275.475
275.475
275.475
275.475
275.475
275.475
275.475
275.475
275.475
275.475
275.475
275.475
275.475
275.475
275.475
275.475
275.475
275.475
275.475
275.475
275.475
275.475
275.475
275.475
275.475
275.475
275.475
275.475
275.475
275.475
275.475
275.475
275.475
275.475
275.475
275.475
275.475
275.475
275.475
275.475
275.475
275.475
275.475
275.475
275.475
275.475
275.475
275.475
275.475
259.352
259.529
259.879
260.393
261.058
261.858
262.772
263.778
264.851
265.963
267.087
268.194
269.258
270.25
271.147
271.924
272.564
273.048
273.365
273.506
273.513
273.513
273.513
273.513
273.513
273.513
273.513
273.513
273.513
273.513
273.513
273.513
273.513
273.513
273.513
273.513
273.513
273.513
273.513
273.513
273.513
273.513
273.513
273.513
273.513
273.513
273.513
273.513
273.513
273.513
273.513
273.513
273.513
273.513
273.513
273.513
273.513
273.513
273.513
273.513
273.513
273.513
273.513
273.513
273.513
273.513
273.513
273.513
273.513
273.513
273.513
273.513
273.513
273.513
273.513
273.513
273.513
273.513
273.513
273.513
273.513
273.513
273.513
273.513
273.513
273.513
273.513
273.513
273.513
273.513
273.513
273.513
273.513
273.513
273.513
273.513
273.513
273.513
273.513
273.513
273.513
273.513
273.513
273.513
273.513
273.513
273.513
273.513
273.513
273.513
273.513
273.513
273.513
273.513
273.513
273.513
273.513
273.513
273.513
273.513
273.513
273.513
273.513
273.513
273.513
273.513
273.513
273.513
256.666
256.849
257.211
257.743
258.431
259.259
260.206
261.249
262.362
263.519
264.689
265.845
266.958
268
268.946
269.773
270.459
270.989
271.349
271.529
271.551
271.551
271.551
271.551
271.551
271.551
271.551
271.551
271.551
271.551
271.551
271.551
271.551
271.551
271.551
271.551
271.551
271.551
271.551
271.551
271.551
271.551
271.551
271.551
271.551
271.551
271.551
271.551
271.551
271.551
271.551
271.551
271.551
271.551
271.551
271.551
271.551
271.551
271.551
271.551
271.551
271.551
271.551
271.551
271.551
271.551
271.551
271.551
271.551
271.551
271.551
271.551
271.551
271.551
271.551
271.551
271.551
271.551
271.551
271.551
271.551
271.551
271.551
271.551
271.551
271.551
271.551
271.551
271.551
271.551
271.551
271.551
271.551
271.551
271.551
271.551
271.551
271.551
271.551
271.551
271.551
271.551
271.551
271.551
271.551
271.551
271.551
271.551
271.551
271.551
271.551
271.551
271.551
271.551
271.551
271.551
271.551
271.551
271.551
271.551
271.551
271.551
271.551
271.551
271.551
271.551
271.551
271.551
254.704
254.887
255.249
255.781
256.469
257.297
258.244
259.287
260.4
261.557
262.727
263.883
264.996
266.038
266.984
267.811
268.497
269.027
269.387
269.567
269.589
269.589
269.589
269.589
269.589
269.589
269.589
269.589
269.589
269.589
269.589
269.589
269.589
269.589
269.589
269.589
269.589
269.589
269.589
269.589
269.589
269.589
269.589
269.589
269.589
269.589
269.589
269.589
269.589
269.589
269.589
269.589
269.589
269.589
269.589
269.589
269.589
269.589
269.589
269.589
269.589
269.589
269.589
269.589
269.589
269.589
269.589
269.589
269.589
269.589
269.589
269.589
269.589
269.589
269.589
269.589
269.589
269.589
269.589
269.589
269.589
269.589
269.589
269.589
269.589
269.589
269.589
269.589
269.589
269.589
269.589
269.589
269.589
269.589
269.589
269.589
269.589
269.589
269.589
269.589
269.589
269.589
269.589
269.589
269.589
269.589
269.589
269.589
269.589
269.589
269.589
269.589
269.589
269.589
269.589
269.589
269.589
269.589
269.589
269.589
269.589
269.589
269.589
269.589
269.589
269.589
269.589
269.589
253.466
253.643
253.993
254.507
255.172
255.972
256.886
257.892
258.965
260.077
261.201
262.308
263.372
264.364
265.261
266.038
266.678
267.162
267.479
267.62
267.627
267.627
267.627
267.627
267.627
267.627
267.627
267.627
267.627
267.627
267.627
267.627
267.627
267.627
267.627
267.627
267.627
267.627
267.627
267.627
267.627
267.627
267.627
267.627
267.627
267.627
267.627
267.627
267.627
267.627
267.627
267.627
267.627
267.627
267.627
267.627
267.627
267.627
267.627
267.627
267.627
267.627
267.627
267.627
267.627
267.627
267.627
267.627
267.627
267.627
267.627
267.627
267.627
267.627
267.627
267.627
267.627
267.627
267.627
267.627
267.627
267.627
267.627
267.627
267.627
267.627
267.627
267.627
267.627
267.627
267.627
267.627
267.627
267.627
267.627
267.627
267.627
267.627
267.627
267.627
267.627
267.627
267.627
267.627
267.627
267.627
267.627
267.627
267.627
267.627
267.627
267.627
267.627
267.627
267.627
267.627
267.627
267.627
267.627
267.627
267.627
267.627
267.627
267.627
267.627
267.627
267.627
267.627
252.88
253.046
253.373
253.853
254.473
255.218
256.069
257.003
257.996
259.023
260.057
261.072
262.04
262.936
263.736
264.419
264.967
265.364
265.599
265.665
265.665
265.665
265.665
265.665
265.665
265.665
265.665
265.665
265.665
265.665
265.665
265.665
265.665
265.665
265.665
265.665
265.665
265.665
265.665
265.665
265.665
265.665
265.665
265.665
265.665
265.665
265.665
265.665
265.665
265.665
265.665
265.665
265.665
265.665
265.665
265.665
265.665
265.665
265.665
265.665
265.665
265.665
265.665
265.665
265.665
265.665
265.665
265.665
265.665
265.665
265.665
265.665
265.665
265.665
265.665
265.665
265.665
265.665
265.665
265.665
265.665
265.665
265.665
265.665
265.665
265.665
265.665
265.665
265.665
265.665
265.665
265.665
265.665
265.665
265.665
265.665
265.665
265.665
265.665
265.665
265.665
265.665
265.665
265.665
265.665
265.665
265.665
265.665
265.665
265.665
265.665
265.665
265.665
265.665
265.665
265.665
265.665
265.665
265.665
265.665
265.665
265.665
265.665
265.665
265.665
265.665
265.665
265.665
252.813
252.962
253.256
253.687
254.244
254.911
255.671
256.502
257.383
258.289
259.196
260.078
260.91
261.67
262.334
262.885
263.304
263.579
263.698
263.703
263.703
263.703
263.703
263.703
263.703
263.703
263.703
263.703
263.703
263.703
263.703
263.703
263.703
263.703
263.703
263.703
263.703
263.703
263.703
263.703
263.703
263.703
263.703
263.703
263.703
263.703
263.703
263.703
263.703
263.703
263.703
263.703
263.703
263.703
263.703
263.703
263.703
263.703
263.703
263.703
263.703
263.703
263.703
263.703
263.703
263.703
263.703
263.703
263.703
263.703
263.703
263.703
263.703
263.703
263.703
263.703
263.703
263.703
263.703
263.703
263.703
263.703
263.703
263.703
263.703
263.703
263.703
263.703
263.703
263.703
263.703
263.703
263.703
263.703
263.703
263.703
263.703
263.703
263.703
263.703
263.703
263.703
263.703
263.703
263.703
263.703
263.703
263.703
263.703
263.703
263.703
263.703
263.703
263.703
263.703
263.703
263.703
263.703
263.703
263.703
263.703
263.703
263.703
263.703
263.703
263.703
263.703
263.703
253.079
253.207
253.46
253.831
254.308
254.879
255.526
256.231
256.972
257.729
258.478
259.197
259.863
260.455
260.954
261.342
261.605
261.731
261.741
261.741
261.741
261.741
261.741
261.741
261.741
261.741
261.741
261.741
261.741
261.741
261.741
261.741
261.741
261.741
261.741
261.741
261.741
261.741
261.741
261.741
261.741
261.741
261.741
261.741
261.741
261.741
261.741
261.741
261.741
261.741
261.741
261.741
261.741
261.741
261.741
261.741
261.741
261.741
261.741
261.741
261.741
261.741
261.741
261.741
261.741
261.741
261.741
261.741
261.741
261.741
261.741
261.741
261.741
261.741
261.741
261.741
261.741
261.741
261.741
261.741
261.741
261.741
261.741
261.741
261.741
261.741
261.741
261.741
261.741
261.741
261.741
261.741
261.741
261.741
261.741
261.741
261.741
261.741
261.741
261.741
261.741
261.741
261.741
261.741
261.741
261.741
261.741
261.741
261.741
261.741
261.741
261.741
261.741
261.741
261.741
261.741
261.741
261.741
261.741
261.741
261.741
261.741
261.741
261.741
261.741
261.741
261.741
261.741
253.459
253.564
253.771
254.073
254.46
254.921
255.441
256.002
256.586
257.174
257.746
258.281
258.76
259.165
259.478
259.686
259.776
259.779
259.779
259.779
259.779
259.779
259.779
259.779
259.779
259.779
259.779
259.779
259.779
259.779
259.779
259.779
259.779
259.779
259.779
259.779
259.779
259.779
259.779
259.779
259.779
259.779
259.779
259.779
259.779
259.779
259.779
259.779
259.779
259.779
259.779
259.779
259.779
259.779
259.779
259.779
259.779
259.779
259.779
259.779
259.779
259.779
259.779
259.779
259.779
259.779
259.779
259.779
259.779
259.779
259.779
259.779
259.779
259.779
259.779
259.779
259.779
259.779
259.779
259.779
259.779
259.779
259.779
259.779
259.779
259.779
259.779
259.779
259.779
259.779
259.779
259.779
259.779
259.779
259.779
259.779
259.779
259.779
259.779
259.779
259.779
259.779
259.779
259.779
259.779
259.779
259.779
259.779
259.779
259.779
259.779
259.779
259.779
259.779
259.779
259.779
259.779
259.779
259.779
259.779
259.779
259.779
259.779
259.779
259.779
259.779
259.779
259.779
253.725
253.805
253.963
254.192
254.484
254.828
255.212
255.621
256.039
256.448
256.833
257.175
257.459
257.669
257.79
257.817
257.817
257.817
257.817
257.817
257.817
257.817
257.817
257.817
257.817
257.817
257.817
257.817
257.817
257.817
257.817
257.817
257.817
257.817
257.817
257.817
257.817
257.817
257.817
257.817
257.817
257.817
257.817
257.817
257.817
257.817
257.817
257.817
257.817
257.817
257.817
257.817
257.817
257.817
257.817
257.817
257.817
257.817
257.817
257.817
257.817
257.817
257.817
257.817
257.817
257.817
257.817
257.817
257.817
257.817
257.817
257.817
257.817
257.817
257.817
257.817
257.817
257.817
257.817
257.817
257.817
257.817
257.817
257.817
257.817
257.817
257.817
257.817
257.817
257.817
257.817
257.817
257.817
257.817
257.817
257.817
257.817
257.817
257.817
257.817
257.817
257.817
257.817
257.817
257.817
257.817
257.817
257.817
257.817
257.817
257.817
257.817
257.817
257.817
257.817
257.817
257.817
257.817
257.817
257.817
257.817
257.817
257.817
257.817
257.817
257.817
257.817
257.817
253.659
253.714
253.822
253.977
254.173
254.401
254.649
254.906
255.157
255.39
255.589
255.742
255.833
255.855
255.855
255.855
255.855
255.855
255.855
255.855
255.855
255.855
255.855
255.855
255.855
255.855
255.855
255.855
255.855
255.855
255.855
255.855
255.855
255.855
255.855
255.855
255.855
255.855
255.855
255.855
255.855
255.855
255.855
255.855
255.855
255.855
255.855
255.855
255.855
255.855
255.855
255.855
255.855
255.855
255.855
255.855
255.855
255.855
255.855
255.855
255.855
255.855
255.855
255.855
255.855
255.855
255.855
255.855
255.855
255.855
255.855
255.855
255.855
255.855
255.855
255.855
255.855
255.855
255.855
255.855
255.855
255.855
255.855
255.855
255.855
255.855
255.855
255.855
255.855
255.855
255.855
255.855
255.855
255.855
255.855
255.855
255.855
255.855
255.855
255.855
255.855
255.855
255.855
255.855
255.855
255.855
255.855
255.855
255.855
255.855
255.855
255.855
255.855
255.855
255.855
255.855
255.855
255.855
255.855
255.855
255.855
255.855
255.855
255.855
255.855
255.855
255.855
255.855
253.075
253.106
253.166
253.251
253.356
253.473
253.592
253.705
253.8
253.866
253.893
253.893
253.893
253.893
253.893
253.893
253.893
253.893
253.893
253.893
253.893
253.893
253.893
253.893
253.893
253.893
253.893
253.893
253.893
253.893
253.893
253.893
253.893
253.893
253.893
253.893
253.893
253.893
253.893
253.893
253.893
253.893
253.893
253.893
253.893
253.893
253.893
253.893
253.893
253.893
253.893
253.893
253.893
253.893
253.893
253.893
253.893
253.893
253.893
253.893
253.893
253.893
253.893
253.893
253.893
253.893
253.893
253.893
253.893
253.893
253.893
253.893
253.893
253.893
253.893
253.893
253.893
253.893
253.893
253.893
253.893
253.893
253.893
253.893
253.893
253.893
253.893
253.893
253.893
253.893
253.893
253.893
253.893
253.893
253.893
253.893
253.893
253.893
253.893
253.893
253.893
253.893
253.893
253.893
253.893
253.893
253.893
253.893
253.893
253.893
253.893
253.893
253.893
253.893
253.893
253.893
253.893
253.893
253.893
253.893
253.893
253.893
253.893
253.893
253.893
253.893
253.893
253.893
251.838
251.848
251.865
251.887
251.909
251.926
251.931
251.931
251.931
251.931
251.931
251.931
251.931
251.931
251.931
251.931
251.931
251.931
251.931
251.931
251.931
251.931
251.931
251.931
251.931
251.931
251.931
251.931
251.931
251.931
251.931
251.931
251.931
251.931
251.931
251.931
251.931
251.931
251.931
251.931
251.931
251.931
251.931
251.931
251.931
251.931
251.931
251.931
251.931
251.931
251.931
251.931
251.931
251.931
251.931
251.931
251.931
251.931
251.931
251.931
251.931
251.931
251.931
251.931
251.931
251.931
251.931
251.931
251.931
251.931
251.931
251.931
251.931
251.931
251.931
251.931
251.931
251.931
251.931
251.931
251.931
251.931
251.931
251.931
251.931
251.931
251.931
251.931
251.931
251.931
251.931
251.931
251.931
251.931
251.931
251.931
251.931
251.931
251.931
251.931
251.931
251.931
251.931
251.931
251.931
251.931
251.931
251.931
251.931
251.931
251.931
251.931
251.931
251.931
251.931
251.931
251.931
251.931
251.931
251.931
251.931
251.931
251.931
251.931
251.931
251.931
251.931
251.931
249.969
249.969
249.969
249.969
249.969
249.969
249.969
249.969
249.969
249.969
249.969
249.969
249.969
249.969
249.969
249.969
249.969
249.969
249.969
249.969
249.969
249.969
249.969
249.969
249.969
249.969
249.969
249.969
249.969
249.969
249.969
249.969
249.969
249.969
249.969
249.969
249.969
249.969
249.969
249.969
249.969
249.969
249.969
249.969
249.969
249.969
249.969
249.969
249.969
249.969
249.969
249.969
249.969
249.969
249.969
249.969
249.969
249.969
249.969
249.969
249.969
249.969
249.969
249.969
249.969
249.969
249.969
249.969
249.969
249.969
249.969
249.969
249.969
249.969
249.969
249.969
249.969
249.969
249.969
249.969
249.969
249.969
249.969
249.969
249.969
249.969
249.969
249.969
249.969
249.969
249.969
249.969
249.969
249.969
249.969
249.969
249.969
249.969
249.969
249.969
249.969
249.969
249.969
249.969
249.969
249.969
249.969
249.969
249.969
249.969
249.969
249.969
249.969
249.969
249.969
249.969
249.969
249.969
249.969
249.969
249.969
249.969
249.969
249.969
249.969
249.969
249.969
249.969
248.007
248.007
248.007
248.007
248.007
248.007
248.007
248.007
248.007
248.007
248.007
248.007
248.007
248.007
248.007
248.007
248.007
248.007
248.007
248.007
248.007
248.007
248.007
248.007
248.007
248.007
248.007
248.007
248.007
248.007
248.007
248.007
248.007
248.007
248.007
248.007
248.007
248.007
248.007
248.007
248.007
248.007
248.007
248.007
248.007
248.007
248.007
248.007
248.007
248.007
248.007
248.007
248.007
248.007
248.007
248.007
248.007
248.007
248.007
248.007
248.007
248.007
248.007
248.007
248.007
248.007
248.007
248.007
248.007
248.007
248.007
248.007
248.007
248.007
248.007
248.007
248.007
248.007
248.007
248.007
248.007
248.007
248.007
248.007
248.007
248.007
248.007
248.007
248.007
248.007
248.007
248.007
248.007
248.007
248.007
248.007
248.007
248.007
248.007
248.007
248.007
248.007
248.007
248.007
248.007
248.007
248.007
248.007
248.007
248.007
248.007
248.007
248.007
248.007
248.007
248.007
248.007
248.007
248.007
248.007
248.007
248.007
248.007
248.007
248.007
248.007
248.007
248.007
246.045
246.045
246.045
246.045
246.045
246.045
246.045
246.045
246.045
246.045
246.045
246.045
246.045
246.045
246.045
246.045
246.045
246.045
246.045
246.045
246.045
246.045
246.045
246.045
246.045
246.045
246.045
246.045
246.045
246.045
246.045
246.045
246.045
246.045
246.045
246.045
246.045
246.045
246.045
246.045
246.045
246.045
246.045
246.045
246.045
246.045
246.045
246.045
246.045
246.045
246.045
246.045
246.045
246.045
246.045
246.045
246.045
246.045
246.045
246.045
246.045
246.045
246.045
246.045
246.045
246.045
246.045
246.045
246.045
246.045
246.045
246.045
246.045
246.045
246.045
246.045
246.045
246.045
246.045
246.045
246.045
246.045
246.045
246.045
246.045
246.045
246.045
246.045
246.045
246.045
246.045
246.045
246.045
246.045
246.045
246.045
246.045
246.045
246.045
246.045
246.045
246.045
246.045
246.045
246.045
246.045
246.045
246.045
246.045
246.045
246.045
246.045
246.045
246.045
246.045
246.045
246.045
246.045
246.045
246.045
246.045
246.045
246.045
246.045
246.045
246.045
246.045
246.045
244.083
244.083
244.083
244.083
244.083
244.083
244.083
244.083
244.083
244.083
244.083
244.083
244.083
244.083
244.083
244.083
244.083
244.083
244.083
244.083
244.083
244.083
244.083
244.083
244.083
244.083
244.083
244.083
244.083
244.083
244.083
244.083
244.083
244.083
244.083
244.083
244.083
244.083
244.083
244.083
244.083
244.083
244.083
244.083
244.083
244.083
244.083
244.083
244.083
244.083
244.083
244.083
244.083
244.083
244.083
244.083
244.083
244.083
244.083
244.083
244.083
244.083
244.083
244.083
244.083
244.083
244.083
244.083
244.083
244.083
244.083
244.083
244.083
244.083
244.083
244.083
244.083
244.083
244.083
244.083
244.083
244.083
244.083
244.083
244.083
244.083
244.083
244.083
244.083
244.083
244.083
244.083
244.083
244.083
244.083
244.083
244.083
244.083
244.083
244.083
244.083
244.083
244.083
244.083
244.083
244.083
244.083
244.083
244.083
244.083
244.083
244.083
244.083
244.083
244.083
244.083
244.083
244.083
244.083
244.083
244.083
244.083
244.083
244.083
244.083
244.083
244.083
244.083
242.121
242.121
242.121
242.121
242.121
242.121
242.121
242.121
242.121
242.121
242.121
242.121
242.121
242.121
242.121
242.121
242.121
242.121
242.121
242.121
242.121
242.121
242.121
242.121
242.121
242.121
242.121
242.121
242.121
242.121
242.121
242.121
242.121
242.121
242.121
242.121
242.121
242.121
242.121
242.121
242.121
242.121
242.121
242.121
242.121
242.121
242.121
242.121
242.121
242.121
242.121
242.121
242.121
242.121
242.121
242.121
242.121
242.121
242.121
242.121
242.121
242.121
242.121
242.121
242.121
242.121
242.121
242.121
242.121
242.121
242.121
242.121
242.121
242.121
242.121
242.121
242.121
242.121
242.121
242.121
242.121
242.121
242.121
242.121
242.121
242.121
242.121
242.121
242.121
242.121
242.121
242.121
242.121
242.121
242.121
242.121
242.121
242.121
242.121
242.121
242.121
242.121
242.121
242.121
242.121
242.121
242.121
242.121
242.121
242.121
242.121
242.121
242.121
242.121
242.121
242.121
242.121
242.121
242.121
242.121
242.121
242.121
242.121
242.121
242.121
242.121
242.121
242.121
240.159
240.159
240.159
240.159
240.159
240.159
240.159
240.159
240.159
240.159
240.159
240.159
240.159
240.159
240.159
240.159
240.159
240.159
240.159
240.159
240.159
240.159
240.159
240.159
240.159
240.159
240.159
240.159
240.159
240.159
240.159
240.159
240.159
240.159
240.159
240.159
240.159
240.159
240.159
240.159
240.159
240.159
240.159
240.159
240.159
240.159
240.159
240.159
240.159
240.159
240.159
240.159
240.159
240.159
240.159
240.159
240.159
240.159
240.159
240.159
240.159
240.159
240.159
240.159
240.159
240.159
240.159
240.159
240.159
240.159
240.159
240.159
240.159
240.159
240.159
240.159
240.159
240.159
240.159
240.159
240.159
240.159
240.159
240.159
240.159
240.159
240.159
240.159
240.159
240.159
240.159
240.159
240.159
240.159
240.159
240.159
240.159
240.159
240.159
240.159
240.159
240.159
240.159
240.159
240.159
240.159
240.159
240.159
240.159
240.159
240.159
240.159
240.159
240.159
240.159
240.159
240.159
240.159
240.159
240.159
240.159
240.159
240.159
240.159
240.159
240.159
240.159
240.159
238.197
238.197
238.197
238.197
238.197
238.197
238.197
238.197
238.197
238.197
238.197
238.197
238.197
238.197
238.197
238.197
238.197
238.197
238.197
238.197
238.197
238.197
238.197
238.197
238.197
238.197
238.197
238.197
238.197
238.197
238.197
238.197
238.197
238.197
238.197
238.197
238.197
238.197
238.197
238.197
238.197
238.197
238.197
238.197
238.197
238.197
238.197
238.197
238.197
238.197
238.197
238.197
238.197
238.197
238.197
238.197
238.197
238.197
238.197
238.197
238.197
238.197
238.197
238.197
238.197
238.197
238.197
238.197
238.197
238.197
238.197
238.197
238.197
238.197
238.197
238.197
238.197
238.197
238.197
238.197
238.197
238.197
238.197
238.197
238.197
238.197
238.197
238.197
238.197
238.197
238.197
238.197
238.197
238.197
238.197
238.197
238.197
238.197
238.197
238.197
238.197
238.197
238.197
238.197
238.197
238.197
238.197
238.197
238.197
238.197
238.197
238.197
238.197
238.197
238.197
238.197
238.197
238.197
238.197
238.197
238.197
238.197
238.197
238.197
238.197
238.197
238.197
238.197
)
;

boundaryField
{
top
    {
        type            fixedGradient;
        gradient        uniform -0.00981;
    }
bottom
    {
        type            fixedGradient;
        gradient        uniform 0.00981;
    }
    left
    {
        type            zeroGradient;
    }
    right
    {
        type            zeroGradient;
    }
    frontandback
    {
        type            empty;
    }
}


// ************************************************************************* //
